141
984
3
7
8
22
40
41
47
50
73
75
76
79
115
119
121
128
134
139
140
159
166
167
177
203
225
229
232
235
245
249
253
256
258
269
277
278
284
287
289
301
309
326
336
340
343
345
350
352
353
373
418
422
427
436
442
454
468
478
480
481
483
492
509
513
516
538
541
552
555
574
583
588
595
597
598
604
607
617
645
649
653
664
679
684
699
700
701
719
720
727
734
750
756
789
791
806
808
817
822
826
828
837
846
848
851
852
866
867
869
901
906
909
915
917
926
942
944
948
963
971
972
980
981
997
1000
1003
1017
1026
1029
1033
1035
1046
1051
1057
1060
1065
1075
1102
1121
1126
1132
1133
1135
1138
1144
1149
1154
1160
1163
1166
1168
1178
1198
1211
1223
1232
1235
1237
1240
1242
1243
1266
1267
1273
1287
1294
1296
1298
1301
1306
1312
1316
1317
1321
1323
1329
1332
1334
1335
1345
1352
1353
1354
1372
1380
1393
1396
1406
1410
1411
1426
1432
1434
1459
1463
1474
1493
1495
1515
1537
1540
1541
1542
1544
1550
1559
1567
1568
1574
1597
1598
1643
1647
1648
1675
1676
1679
1687
1695
1702
1709
1712
1713
1715
1718
1725
1726
1733
1740
1741
1749
643
717
1250
1252
1398
1497
460
618
834
886
