0.849761
0.823934
0.680206
1.000249
0.000000
0.854634
0.579566
0.497658
0.422886
0.490115
0.556114
0.000000
0.887121
0.213346
0.680074
0.616706
0.237943
0.896717
0.399937
0.776401
0.530689
0.331112
0.899111
0.772591
0.418716
0.420935
0.264369
0.212974
0.405587
0.994147
0.982160
0.065892
0.114298
0.322745
0.956035
0.487687
0.713624
0.674564
0.000000
0.566459
0.366736
0.928665
0.591359
0.678696
0.502240
0.780707
0.148605
0.750439
0.796865
0.688609
0.522593
0.133544
0.577875
0.820751
0.407098
0.379940
0.000000
0.551627
0.934545
0.418023
0.748697
0.615947
0.000000
0.786912
0.562489
0.489313
0.000000
0.601126
0.314221
0.328034
0.364051
0.558996
0.739720
0.509036
0.945894
0.436964
0.218052
0.475458
0.736662
0.205681
0.199184
0.789965
0.172752
0.482828
0.893856
0.687392
0.278468
0.294397
0.303994
0.328849
0.825553
0.078184
0.176802
0.941316
0.366304
0.151051
0.428126
0.696651
0.342002
0.670095
0.566176
0.470317
0.321993
0.391809
0.396504
0.651359
0.485925
0.527521
0.820953
0.719256
0.364377
0.645941
0.509562
0.886961
0.000000
0.707000
0.395664
0.524704
0.387958
0.205111
0.591248
0.928291
0.304229
0.098519
0.813690
0.414678
0.648337
0.472328
0.520095
0.912960
0.841781
0.670477
0.515118
0.558141
0.638382
0.242871
0.404265
0.400503
0.005005
0.351621
0.727850
0.098681
0.558489
0.999933
0.679511
0.703418
0.707213
0.570274
0.603161
0.448578
0.398605
0.380237
0.913145
0.130221
0.000000
0.494090
0.613889
0.067756
0.155143
0.777758
0.231169
0.610948
0.446601
0.327885
0.331427
0.386021
0.198626
0.494844
0.417558
0.456709
0.954739
0.597858
0.159221
0.827543
0.306139
0.718717
0.873484
0.973319
0.235657
0.575272
0.278838
0.583639
0.688566
0.460406
0.433328
0.168727
0.614624
0.000000
0.541153
0.758543
0.318961
0.635650
0.271065
0.150450
0.445124
0.956458
0.341197
0.035039
0.468444
0.000000
0.184251
0.524732
0.405971
0.465843
0.587281
0.793236
0.148401
0.461642
0.142182
0.518751
0.605791
0.509047
0.588269
0.389073
0.862625
0.247312
0.419567
0.474630
0.634268
0.870145
0.806978
0.345634
0.588563
0.746211
0.000000
0.240284
0.457164
0.148662
0.000000
0.621416
0.990255
0.218284
0.000000
0.000000
0.430279
0.315242
0.214871
0.180779
0.321749
0.465979
0.041008
0.909320
0.538526
0.566540
0.577896
0.000000
0.887565
0.284430
0.588868
0.548241
0.420881
0.197476
0.785473
0.650682
0.447731
0.653889
0.441173
0.759705
0.164244
0.000000
0.696556
0.674719
0.409950
0.550691
0.557302
0.838537
0.197815
0.534293
0.648709
0.336260
0.837437
0.805970
0.747346
0.209932
0.077807
0.805455
0.489259
0.165266
0.584765
0.457273
0.286264
0.267492
0.476742
0.000000
0.399088
0.783947
0.476142
0.652504
0.507618
0.580802
0.576644
0.298742
0.743498
0.643272
0.983045
0.569787
0.473331
0.211121
0.614415
0.260616
0.117429
0.709146
0.840511
0.028174
0.484834
0.611292
0.139558
0.594282
0.816023
0.404027
0.409091
0.000000
0.589726
0.431002
0.543064
0.572396
0.285121
0.551893
0.435171
0.468162
0.580126
0.644783
0.694790
0.744032
0.000000
0.419089
0.783582
0.549992
0.000000
0.351602
0.631898
0.105634
0.898063
0.340151
0.058833
0.492429
0.486795
0.725533
0.904529
0.701257
0.146328
0.000000
0.571672
0.436241
0.930464
0.441857
0.214660
0.288901
0.516655
0.525113
0.416581
0.303085
0.832156
0.176702
0.390062
0.394723
0.798823
0.719131
0.000000
0.225495
0.357734
0.512761
0.000000
0.300663
0.632186
0.734039
0.731436
0.493436
0.273568
0.399637
0.544451
0.642711
0.667465
0.223086
0.565675
0.663065
0.455528
0.427469
0.201662
0.833543
0.205086
0.572854
0.784884
0.498533
0.276816
0.723401
0.346493
0.241597
0.378577
0.000000
0.810447
0.080011
0.178963
0.508243
0.467869
0.780598
0.474305
0.875284
0.401913
0.708167
0.377075
0.883629
0.690729
0.688806
0.667551
0.621264
0.201731
0.514256
0.445358
0.074526
0.188650
0.000000
0.560415
0.411700
0.588083
0.492847
0.807043
0.335874
0.762909
0.768732
0.782535
0.493047
0.257509
0.440777
0.519652
0.451347
0.460473
0.677385
0.483363
0.284092
0.588920
0.502438
0.521414
0.403436
0.090117
0.147425
0.288183
0.521789
0.924736
0.660713
0.716627
0.838008
0.414822
0.325018
0.625831
0.825391
0.110929
0.193176
0.245170
0.389550
0.780212
0.604136
0.209384
0.769131
0.638156
0.221762
0.492812
0.231598
0.820495
0.556191
0.548684
0.545084
0.201602
0.790640
0.299803
0.754550
0.821765
0.723061
0.333867
0.332244
0.526156
0.263570
0.197008
0.084005
0.435996
0.294457
0.798207
0.222558
0.349068
0.298976
0.446739
0.722527
0.506339
0.497975
0.000000
0.167664
0.000000
0.214808
0.833778
0.020564
0.729452
0.932360
0.790429
0.259262
0.686105
0.000000
0.179555
0.211338
0.357599
0.094060
0.438533
0.373271
0.497916
0.683806
0.747571
0.000000
0.477726
0.706093
0.403007
0.586463
0.431293
0.480254
0.302998
0.125957
0.486621
0.403755
0.857567
0.745481
0.223079
0.731701
0.296727
0.596000
0.917973
0.751212
0.901736
0.225339
0.816718
0.265471
0.396034
0.827561
0.280362
0.622097
0.312345
0.000000
0.175653
0.895092
0.511849
0.335018
-0.000358
0.562029
0.591222
0.616149
0.516837
-0.000348
0.183737
0.713979
0.068350
0.495661
0.680597
0.260915
0.029181
0.920420
0.581769
0.324691
0.371223
0.152183
0.288309
0.201057
0.695159
0.435704
0.337568
0.312177
0.751137
0.586469
0.767309
0.631026
0.522104
0.733700
0.266563
0.439026
0.722856
0.000000
0.632551
0.541978
0.055936
0.582879
0.758788
0.677555
0.877428
0.000000
0.392601
0.336416
0.122079
0.453039
0.404280
0.587167
0.728880
0.365357
0.247956
0.454727
0.250742
0.139046
0.673914
0.639403
0.244438
0.683000
0.750733
0.657953
0.610310
0.513458
0.128143
0.589334
0.716481
0.653758
0.713066
0.487865
0.810258
0.119481
0.655215
0.433456
0.281724
0.349177
0.222387
0.551132
0.947040
0.425657
0.695633
0.748469
0.435768
0.450488
0.000000
0.264018
0.478595
0.417015
0.469735
0.676429
0.229120
0.511871
0.000000
0.559441
0.220164
0.434196
0.585713
0.607657
0.335056
0.226477
0.000000
0.858088
0.638065
0.323355
0.401848
0.380751
0.318028
0.422252
0.434333
0.961909
0.304226
0.453513
0.636336
0.648065
0.807227
0.099222
0.677481
0.293911
0.391754
0.557002
0.961808
0.000000
0.282265
0.917646
0.398749
0.310835
0.009856
0.309230
0.604415
0.459295
0.093828
0.199902
0.420754
0.356801
0.493611
0.389556
0.237416
0.671427
0.429517
0.402498
0.723698
0.620354
0.900359
0.559345
0.090970
0.668047
0.695177
0.676421
0.223462
0.666356
0.876230
0.124062
0.193459
0.196281
0.558575
0.319595
0.864468
0.269278
0.343652
0.679824
0.524778
0.693460
0.657482
0.630460
0.569048
0.434933
0.390482
0.434724
0.719412
0.265543
0.736058
0.399864
0.309762
0.595856
0.313073
0.000000
0.077896
0.294603
0.836704
0.327972
0.759547
0.371199
0.198813
0.250599
0.817046
0.607713
0.265001
0.709236
0.367952
0.929614
0.824834
0.767137
0.798427
0.692502
0.567992
0.096427
0.175630
0.825273
0.658087
0.641750
0.804605
0.713134
0.810701
0.548329
0.010278
0.155079
0.145887
0.721373
0.570922
0.818011
0.744975
0.328301
0.518782
0.921757
0.475872
0.365586
0.513572
0.297188
0.238943
0.133649
0.405058
0.216547
0.270202
0.628370
0.875515
0.705463
0.699757
0.271305
0.360440
0.075088
0.905148
0.608291
0.377993
0.730214
0.200527
0.786437
0.143798
0.759319
0.200107
0.620972
0.068231
0.189002
0.502689
0.142300
0.573932
0.243313
0.615896
0.606367
0.846430
0.699601
0.481192
0.358759
0.764013
0.634290
0.442924
0.562422
0.611456
0.461895
0.576951
0.604424
0.446014
0.371514
0.449088
0.551166
0.828873
0.688977
0.000000
0.139037
0.170536
0.650099
0.228839
0.090896
0.000000
0.885470
0.613554
0.861149
0.588694
0.392554
0.567847
0.708621
0.590303
0.131518
0.497025
0.155782
0.131122
0.354248
0.620268
0.772709
0.883864
0.855151
0.315356
0.787513
0.439747
0.822465
0.353327
0.288300
0.745962
0.406438
0.073015
0.406104
0.616773
0.141919
0.572683
0.482975
0.654297
0.548614
0.934499
0.266328
0.329483
0.408767
0.401482
0.685633
0.156777
0.852597
0.790631
0.942531
0.434350
0.228541
0.172328
0.649972
0.291679
0.829288
0.553223
0.760380
0.345929
0.562720
0.832848
0.806681
0.374125
0.300393
0.614541
0.859869
0.227839
0.846519
0.101546
0.780257
0.221054
0.531655
0.383985
0.000000
0.574187
0.409581
0.027947
0.290410
0.576338
0.433415
0.418452
0.287786
0.000000
0.550125
0.810577
0.400804
0.061825
0.000000
0.267192
0.385766
0.000000
0.169007
0.356558
0.410778
0.792909
0.940427
0.411892
0.499193
0.193293
0.514239
0.203974
0.435795
0.739403
0.810948
0.282875
0.359433
0.468697
0.764788
0.713382
0.393017
0.599573
0.772431
0.626119
0.000000
0.269791
0.837896
0.889350
0.392237
0.000000
0.402122
0.340748
0.209945
0.596007
0.754466
0.530449
0.379305
0.000000
0.504335
0.730047
0.091071
0.565454
0.329007
0.561682
0.136044
0.172993
0.334809
0.583778
0.409609
0.552807
0.414656
0.243019
0.919745
0.891317
0.695982
0.906164
-0.000508
0.457311
0.364864
0.786103
0.668875
0.503560
0.136392
0.525749
0.388091
0.328525
0.385462
0.660163
0.423578
0.926602
-0.000272
0.419552
0.789820
0.770039
0.107576
0.327201
0.545416
0.000000
0.604735
0.605045
0.218092
0.490135
1.000094
0.735660
0.703480
0.419857
0.464523
0.256601
0.749665
0.039779
0.651547
0.845789
0.733623
1.000212
0.270885
0.461538
1.000027
0.735206
0.090501
0.462679
0.963812
0.080693
0.020404
0.357376
0.450781
0.875653
0.573593
0.589981
0.641580
0.676057
1.000230
0.637987
0.640432
0.448983
0.653105
0.542720
0.302744
0.125101
0.370080
0.546468
0.128150
0.589881
0.117547
0.672346
0.777809
0.376135
0.642653
0.257124
0.612055
0.518056
0.733715
0.188162
0.567438
0.348496
0.504450
0.587286
0.393044
0.000000
0.672190
0.254123
0.653333
0.595483
0.592622
0.399881
0.637248
1.000097
0.480679
0.857893
0.597059
0.710696
0.000000
0.444975
0.000000
0.069627
0.635649
0.546493
0.401305
0.155797
0.582133
0.208983
0.606231
0.757304
0.939063
0.526820
0.240569
0.185414
0.221543
0.000000
0.448216
0.744925
0.610581
0.657951
0.501961
0.099565
0.465042
0.207750
0.169088
0.364177
0.940144
0.344604
0.899569
0.957279
0.216054
0.231872
0.868591
0.439285
0.760556
0.831455
0.436576
0.830765
0.856639
0.513904
0.697801
0.381103
0.607782
0.812747
0.404207
0.490208
0.205595
0.310287
0.187607
0.425094
0.288878
0.686720
0.349585
0.795883
0.552833
0.485264
0.293215
0.552724
0.854568
0.273477
0.069990
0.773546
0.661469
0.779141
0.961639
0.419737
0.828591
0.913779
0.620445
0.175698
0.141443
0.423664
0.735362
0.637095
0.749027
0.861268
0.208079
0.432343
0.841630
0.670603
0.451840
0.506636
0.332689
0.684469
0.466131
0.832794
0.541448
0.880801
0.640032
0.759484
0.452342
0.436366
0.111227
0.173619
0.581645
0.306208
0.617001
0.413705
0.509579
0.821392
0.200404
0.195247
0.249349
0.758487
0.590440
0.820807
0.443111
0.290420
0.821138
0.517529
0.264000
0.169846
0.690057
0.658189
0.468364
0.636004
0.673207
0.521429
0.289624
0.680510
0.499775
0.366302
0.000000
0.827835
0.318675
0.236924
0.786825
0.757322
0.893541
0.487351
0.736578
0.908845
0.720673
0.000000
0.794681
0.268313
0.000000
0.333668
0.082019
0.480435
0.144753
0.484989
0.613152
0.205105
0.891076
0.960246
0.812496
0.368592
0.287653
0.000000
0.922468
0.438722
0.520967
0.119816
0.403531
0.279691
0.334415
0.586955
0.000000
0.161706
0.826547
0.166479
0.293402
0.437257
0.694253
0.828825
0.594700
0.360574
0.418762
0.300392
0.635245
0.397994
0.675705
0.388295
0.319403
0.710056
0.261694
0.275024
0.801598
0.657949
0.885514
0.511299
0.793948
0.000000
0.639596
0.327076
0.534768
0.430559
0.488476
0.806342
0.441363
0.322670
0.717877
0.741595
0.541917
0.728004
0.528459
0.887315
0.815960
0.297873
0.614728
0.690014
0.313310
0.000000
0.240407
0.000000
0.290146
0.329173
0.669372
0.251160
0.673117
0.539753
0.585600
0.876916
0.286247
0.712160
0.210301
0.476833
0.208497
0.742879
0.000000
0.360741
0.783618
0.709743
0.359319
0.803632
0.148142
0.365139
0.534023
0.807468
0.547004
0.315657
0.479419
0.579934
0.736582
0.717540
0.513413
0.441538
0.992078
0.702774
-0.000472
0.191814
0.412211
0.788918
0.177127
0.297954
0.000000
0.000000
0.810845
0.721092
0.443812
0.200643
0.477409
0.825083
0.496787
0.806968
0.849530
-0.000413
0.678100
0.466641
0.615111
0.348797
0.440843
0.904216
0.390240
0.444320
0.426132
0.273974
0.664912
0.330566
0.593938
0.284562
0.423363
0.843857
0.784379
0.668364
0.292669
0.332518
0.066294
0.598332
0.191019
0.270796
0.274332
0.460379
0.270151
0.894506
0.911560
0.957836
0.822526
0.152327
0.533840
0.258028
0.000000
0.749062
0.640832
0.338681
0.011921
0.653789
0.715996
0.704170
0.681481
0.641369
0.758919
0.563341
0.831212
0.717756
0.327078
0.179348
0.805636
0.559318
0.601761
0.035755
0.000000
0.837118
0.746562
0.539563
0.625968
0.624380
0.669835
0.262484
0.394680
0.388678
0.815096
0.329026
0.269745
0.119124
0.336204
0.579692
0.000000
0.198360
0.622000
0.728175
0.468092
0.000000
0.334866
0.627264
0.435593
0.391117
0.508246
0.526133
0.326464
0.841018
0.382514
0.809162
0.444509
0.096126
0.187329
0.497205
0.000000
0.802072
0.000000
0.646017
0.389521
0.000000
0.957569
0.642528
0.657795
0.612181
0.448615
0.460904
0.803770
0.785136
0.747972
0.707110
0.367221
0.504208
0.144875
0.366154
0.536462
0.559265
0.180678
0.327450
0.866028
0.766750
0.635266
0.346091
0.000000
0.308756
0.012431
0.234005
0.794537
0.454732
0.798454
0.240200
0.316968
0.826630
-0.000261
0.000000
0.424217
0.211912
0.373574
0.422154
0.137393
0.387680
0.690883
0.563621
0.392076
0.822218
0.776321
0.579049
0.585816
0.720439
0.568520
0.572487
0.463607
0.313891
0.383882
0.653012
0.175745
0.803917
0.830876
0.288709
0.550504
0.618053
0.558896
0.365298
0.833958
0.287479
0.467872
0.830987
0.662575
0.579550
0.733556
0.410607
0.124980
0.987680
0.185241
0.676462
0.275823
0.613594
0.385374
0.794343
0.267806
0.705470
0.614718
1.000365
0.513883
0.406296
0.526008
0.955096
0.757450
0.532222
0.780070
0.384103
0.670104
0.000000
0.538129
0.070629
0.000000
0.646413
0.799468
0.153085
0.733238
0.459191
0.478464
0.466741
0.258069
0.718484
0.665902
0.629816
0.437964
0.794985
0.978625
0.317559
0.000000
0.109013
0.800268
0.241709
0.421134
0.824988
0.058625
1.000142
0.148732
0.470159
0.479775
0.565331
0.399145
0.000000
0.847529
0.227552
0.445726
0.460814
0.871106
0.190921
0.687807
0.149429
0.806136
0.358824
0.330860
0.362700
0.395415
-0.000348
0.348706
1.000016
0.367686
0.294192
0.313930
0.743675
0.721895
0.655588
0.465977
0.623389
0.339791
0.742801
0.839551
0.840285
0.752503
0.398995
0.333505
0.332341
0.324728
0.190254
0.667611
0.501289
0.819866
0.272027
0.000000
0.634628
0.593052
0.583911
0.350210
0.174556
0.260522
0.603986
0.384691
0.713210
0.229775
0.335658
0.921683
0.717415
0.742591
0.557710
0.000000
0.170431
0.105993
0.533625
0.588463
0.529940
0.723807
0.223704
0.903412
1.000276
0.480717
0.000000
0.140535
0.000000
0.493017
0.364781
0.728853
0.141087
0.341704
0.293172
0.709843
0.380636
0.926174
0.000000
0.363380
0.480236
0.362550
0.319121
0.246098
0.920725
0.616387
0.897304
0.358710
0.406179
0.205622
0.897405
0.322512
0.390814
0.663362
0.362036
0.664322
0.390399
0.393058
0.836499
0.227062
0.773911
0.289933
0.274221
0.721989
0.081012
0.216249
0.719094
0.000000
0.314208
0.129947
0.476463
0.610360
0.806351
0.484777
0.648021
0.313824
0.779875
0.826966
-0.000525
0.355291
0.237591
0.443766
0.969796
0.157918
0.224679
0.726310
0.136391
0.961147
0.992945
0.059088
0.488995
0.189528
0.489448
0.508304
0.685983
0.453467
0.000000
0.093035
0.810355
0.093652
0.736572
0.777079
0.346445
0.374674
0.889293
0.768600
0.539816
0.441098
0.449990
0.202169
0.387511
0.683643
0.805805
0.193392
0.406725
0.259730
0.414361
0.683605
0.000000
0.398219
0.000000
0.708465
0.239470
0.470928
0.433982
0.663192
0.636951
0.731697
0.631172
0.513222
0.517057
0.648941
0.600549
0.540573
0.452811
0.638493
0.474415
0.353542
0.453740
0.347799
0.855049
0.237704
0.628102
0.426911
0.018483
0.746723
0.538326
-0.000176
0.974601
0.560988
0.490795
0.429455
0.772706
0.379939
0.384173
0.472506
0.680926
0.502767
0.734469
0.709294
0.574088
0.392430
0.214946
0.312837
0.386175
0.446696
0.451759
0.000000
0.538755
0.649067
0.000000
0.604022
0.352846
0.528696
0.998424
0.577919
0.561665
0.279262
0.558872
0.647497
0.568148
0.265540
0.754010
0.593646
0.857830
0.878912
0.259377
0.306945
0.505682
0.513188
0.684781
0.475557
0.500327
0.203246
0.509214
0.252729
0.726660
0.000000
0.413378
0.000000
0.270412
0.395943
0.145722
0.283924
0.737915
0.295627
0.682680
0.047879
0.233912
0.799574
0.068678
0.434930
0.647890
0.561768
0.427001
0.596667
0.000000
0.529544
0.143040
0.214729
0.642616
0.918996
0.665298
0.651134
0.512539
0.826777
0.083448
0.540582
1.000085
0.670226
0.743325
0.915820
0.189617
1.000180
0.411716
0.705777
0.160029
0.678523
0.391515
0.000000
0.548774
0.679517
0.624796
0.060764
0.504526
0.459007
0.513009
0.544663
0.708245
0.395436
0.215541
0.779898
0.294273
0.187746
0.295912
0.607677
0.238117
0.197121
0.658286
0.611117
0.000000
0.578896
0.938270
0.706028
0.600515
0.510518
0.278143
0.669986
0.787978
0.668603
0.279726
0.765412
0.549628
0.758837
0.373933
0.475240
0.546996
0.386342
0.579938
0.862555
0.185228
0.336556
0.546472
0.681035
0.580746
0.143642
0.509071
0.497472
0.202909
0.000000
0.717124
0.917213
0.617956
0.563564
0.678401
0.450474
0.646131
0.386221
0.790423
0.770879
0.635790
0.018308
0.682273
0.664613
0.102807
0.841365
0.564346
0.617148
0.454689
0.566673
0.709712
0.595003
0.363947
0.303988
0.875923
0.263320
0.327400
0.298627
0.481238
0.000000
0.455611
0.197340
0.263815
0.754949
0.228150
0.661566
0.818302
0.542914
0.598433
0.329653
0.465776
0.367783
0.281962
0.625647
0.000000
0.540971
0.037509
0.358077
0.000000
0.775367
0.273615
0.820414
0.585507